4.15
3.20
3.02
2.73
3.01
3.88
3.41
3.01
2.66
3.54
3.79
2.36
3.26
3.54
2.46
3.79
4.03
3.34
2.48
2.54
3.62
3.35
2.86
3.18
3.65
3.53
2.93
4.06
4.06
3.65
3.11
3.95
3.00
3.89
3.31
3.96
3.50
2.82
3.62
3.93
3.96
2.87
3.45
2.79
3.42
3.11
4.11
2.98
3.74
4.52
3.64
4.75
2.56
3.07
2.00
3.40
4.09
2.75
3.21
3.00
3.70
2.86
2.27
2.06
1.67
3.25
3.45
3.66
3.16
2.10
3.63
3.82
2.98
1.92
2.85
3.76
3.26
2.61
3.83
3.16
3.88
3.70
3.10
3.40
3.39
2.21
2.94
3.07
3.67
2.34
2.24
3.73
2.88
3.92
3.75
2.00
3.46
3.06
3.87
1.82
3.21
3.53
3.23
3.58
3.15
2.86
4.23
4.18
3.44
2.98
3.09
4.10
3.63
3.07
2.46
2.67
4.05
2.77
3.87
3.21
3.83
1.99
1.00
4.33
3.31
4.00
3.06
2.49
1.00
4.00
2.81
3.25
3.00
2.50
4.00
3.17
3.55
1.00
3.39
3.30
2.89
3.54
2.78
3.79
4.07
3.59
3.00
2.64
3.73
3.41
3.56
2.73
2.98
3.28
2.24
3.72
4.06
3.46
3.57
3.56
2.46
3.60
2.95
2.02
3.15
3.57
2.58
2.31
2.31
3.48
3.92
2.73
3.47
2.21
3.55
1.61
3.14
3.48
3.35
2.87
2.76
3.24
3.22
3.40
3.75
2.47
3.00
2.05
3.76
2.84
2.82
3.06
3.30
3.81
2.42
2.64
2.50
3.05
2.92
3.61
3.67
3.13
2.63
2.46
3.15
3.56
1.93
4.06
4.25
3.81
3.18
2.62
3.13
3.18
1.82
3.55
3.95
3.39
3.17
2.00
2.67
2.15
3.50
3.45
3.19
4.08
3.61
2.22
3.70
3.30
2.97
2.81
2.88
2.71
3.31
3.50
2.10
1.90
3.00
4.19
3.87
2.91
3.76
2.60
3.28
3.27
3.52
3.08
2.06
2.65
3.23
2.42
2.84
4.45
3.65
3.87
3.86
3.20
3.93
3.43
2.73
3.37
3.53
3.04
3.14
3.73
2.90
2.38
2.54
2.69
3.18
2.75
3.72
3.57
3.65
3.22
3.00
3.00
2.90
3.14
3.34
3.92
2.21
3.27
4.11
3.10
2.76
4.28
3.11
3.91
3.66
3.76
3.30
3.81
2.98
3.14
2.50
4.23
4.10
3.97
3.69
2.67
3.00
2.44
2.89
3.85
2.65
3.49
3.19
4.55
3.89
3.41
3.75
3.71
3.97
2.45
4.34
2.61
3.11
3.38
2.73
3.10
2.55
3.50
3.86
3.49
2.68
3.84
2.88
3.50
3.27
3.84
3.68
2.43
3.15
3.81
3.52
3.17
3.70
3.73
3.39
3.34
3.13
3.45
3.18
2.35
4.09
3.74
3.17
3.21
2.50
3.42
3.36
4.26
3.86
3.17
2.82
3.28
3.52
3.31
2.90
3.18
3.15
3.86
2.11
3.29
3.25
3.57
2.89
2.89
3.63
3.26
2.93
3.27
2.90
3.40
2.60
2.75
3.64
3.70
3.54
3.27
2.80
1.86
3.67
4.00
2.42
4.00
3.00
3.00
3.75
2.12
3.62
2.91
3.32
3.02
2.91
2.62
3.56
2.53
2.66
2.48
2.43
3.49
2.52
2.19
2.51
3.36
3.12
3.11
2.60
3.61
3.08
2.37
3.93
2.38
2.42
3.69
2.58
2.79
3.08
2.61
2.65
2.05
2.62
4.50
3.81
3.69
2.99
3.39
2.30
2.61
4.08
2.48
3.60
3.66
3.28
3.15
3.29
3.22
3.55
2.59
4.00
4.10
3.28
2.83
2.26
3.28
2.64
2.74
2.78
3.31
2.80
3.20
3.27
2.96
1.74
3.63
2.70
2.23
3.83
3.90
2.69
3.47
2.46
2.80
3.76
3.38
3.53
3.74
2.66
2.51
2.81
2.61
3.38
2.47
3.32
3.32
3.72
3.61
3.35
3.38
3.22
4.00
2.74
2.76
3.42
3.61
1.94
3.69
2.96
2.49
3.49
3.52
3.89
3.67
2.40
3.11
2.87
3.12
3.53
3.92
2.87
3.18
2.46
1.94
2.93
3.37
3.57
3.66
3.62
3.19
2.50
4.51
2.51
3.98
3.50
3.77
3.05
2.73
3.84
3.82
3.16
3.08
3.82
3.76
2.22
4.27
2.67
3.38
2.64
2.00
1.87
2.88
2.55
3.82
3.02
3.72
3.24
3.87
2.62
3.93
4.23
4.50
2.70
3.00
3.62
3.62
3.80
3.24
2.27
3.13
2.92
3.57
3.86
2.93
3.22
3.59
3.00
3.52
3.45
2.82
3.00
2.96
4.50
2.00
3.24
4.05
3.00
3.68
4.00
2.91
3.13
3.50
3.79
4.06
3.92
2.00
3.60
4.35
3.85
3.89
3.75
3.64
4.25
4.09
3.00
3.00
4.12
3.00
3.31
2.23
2.00
4.25
2.78
3.55
2.47
2.41
3.63
2.67
4.04
3.35
3.65
2.11
2.59
3.71
3.00
4.00
2.26
3.60
3.90
2.86
2.08
4.00
3.60
1.67
3.62
2.54
3.21
2.62
2.68
1.00
2.00
2.00
2.00
3.60
3.55
3.43
4.19
3.47
2.00
2.89
3.23
1.00
2.56
3.00
3.00
3.72
1.50
3.46
2.98
3.42
3.00
3.66
3.33
2.04
4.40
4.17
4.41
3.68
2.00
2.62
3.02
4.25
3.50
3.36
3.93
3.50
1.00
3.30
3.00
2.28
2.00
3.10
2.11
2.65
3.18
3.25
2.55
2.20
3.32
4.00
3.67
1.60
2.31
3.83
2.50
3.09
3.43
3.04
2.33
2.50
3.50
3.89
3.62
2.68
4.00
3.48
2.86
4.43
3.81
3.09
2.79
3.00
3.76
3.67
1.00
2.85
2.83
3.72
3.00
3.36
3.17
2.03
4.09
2.53
2.57
2.00
4.52
4.00
2.00
3.15
2.75
4.45
3.53
3.16
2.92
3.78
3.00
3.75
4.00
4.10
3.52
2.79
2.18
3.00
3.27
2.63
3.57
3.21
3.25
3.78
4.00
3.22
3.00
3.96
2.69
3.51
3.38
2.55
3.22
2.73
3.48
3.12
5.00
3.00
3.00
3.00
3.50
4.00
2.60
3.33
2.71
3.35
4.08
3.10
3.50
3.68
2.98
3.59
3.17
3.00
3.40
2.57
1.47
3.89
2.51
3.00
2.00
2.56
3.25
2.00
3.25
3.93
1.00
3.00
2.91
2.29
2.95
3.85
3.48
2.18
2.00
3.13
2.65
3.48
3.88
2.21
2.56
3.40
2.59
1.00
3.57
3.74
1.86
3.44
2.51
3.67
3.50
3.22
4.00
3.62
4.52
2.00
3.60
3.51
3.65
3.50
3.58
2.00
3.82
2.21
3.00
3.10
2.18
3.00
3.12
3.39
2.86
3.29
4.00
2.83
2.20
2.62
2.71
3.00
2.58
2.94
2.50
2.21
2.50
2.36
3.86
3.70
1.00
3.43
3.76
4.30
4.28
3.85
3.64
3.91
4.27
4.48
4.28
4.10
3.92
4.38
4.13
4.30
4.18
4.41
4.40
4.15
3.96
4.22
3.68
3.79
4.25
4.00
3.89
4.49
4.39
4.07
3.25
4.26
3.98
4.20
3.78
4.29
3.91
3.95
4.10
3.66
3.63
4.08
3.75
3.62
3.18
3.97
3.70
4.20
3.98
3.79
4.15
3.85
4.11
3.75
3.98
4.24
4.25
3.60
4.30
4.24
4.17
3.55
3.24
3.38
3.74
3.45
3.48
3.55
3.57
3.39
4.08
4.00
3.26
3.67
4.25
3.41
4.05
3.17
3.91
3.75
1.50
3.57
2.00
3.94
2.80
2.75
3.68
2.67
3.75
3.60
2.90
3.38
5.00
2.57
3.52
2.60
3.11
4.10
2.91
3.36
3.01
3.28
3.05
4.25
2.94
2.66
2.37
3.09
2.98
3.33
3.19
3.27
2.73
3.70
3.57
3.40
3.35
3.22
3.59
3.25
3.70
3.24
2.77
3.76
3.99
3.25
3.61
3.62
3.16
3.89
3.69
3.08
3.48
3.70
3.45
3.64
3.93
4.12
2.66
3.27
3.67
3.00
4.04
3.48
2.84
3.29
4.07
3.48
3.33
3.82
3.42
2.91
3.31
2.74
3.54
3.56
3.27
3.40
3.94
3.55
2.50
3.15
2.89
4.17
3.78
3.69
3.93
3.00
3.40
3.86
4.00
3.98
3.84
3.97
4.02
3.62
3.70
3.53
4.10
3.78
4.08
3.44
3.31
4.14
4.09
2.79
3.54
3.41
3.73
3.88
3.98
3.97
2.40
3.99
2.81
3.69
2.00
3.92
4.23
1.79
2.00
4.10
3.43
3.00
2.87
1.00
3.41
4.25
2.00
3.21
3.58
3.08
3.73
3.74
3.78
2.37
3.68
2.92
3.46
3.26
4.32
4.26
2.00
3.00
3.19
4.34
3.86
4.00
1.00
3.75
2.50
4.32
4.51
3.50
3.93
3.48
3.48
3.43
3.73
2.17
3.95
3.91
2.95
3.60
1.00
2.89
2.06
3.72
1.65
3.73
4.29
3.35
3.80
4.00
3.94
3.99
4.47
3.79
3.84
2.90
3.61
3.80
3.96
3.61
3.66
3.95
4.25
3.51
3.06
4.03
4.39
3.48
4.29
4.30
4.48
4.10
4.13
4.13
3.61
4.30
4.40
3.38
4.08
4.43
4.24
4.02
4.02
4.11
4.45
4.28
4.16
3.80
3.66
4.27
4.20
4.22
3.94
4.36
4.11
4.36
4.29
4.25
4.05
3.86
4.19
4.14
4.08
3.63
4.30
4.32
4.16
4.19
4.23
4.00
4.15
3.36
4.19
3.98
4.08
4.01
4.01
4.25
4.22
4.01
4.39
4.11
4.34
4.14
4.29
3.41
4.21
3.92
4.10
4.10
4.30
3.83
4.38
4.11
4.05
3.95
4.09
4.33
3.49
4.17
3.99
3.81
4.27
3.97
3.93
3.85
4.25
3.88
4.25
3.75
4.17
4.03
3.90
4.18
4.31
3.82
3.59
4.11
4.18
3.97
3.59
4.13
4.01
4.14
4.12
3.57
4.00
3.71
3.64
4.25
4.15
3.98
3.91
4.13
4.22
3.79
3.60
4.07
3.56
1.00
3.24
2.15
2.33
4.00
3.17
3.04
3.75
1.72
1.37
1.68
1.65
2.11
2.94
1.84
2.67
3.00
3.18
2.91
3.88
3.14
1.71
2.24
3.56
3.34
3.91
2.85
2.90
3.67
3.92
3.60
3.18
3.49
3.99
3.07
3.62
3.40
2.85
3.09
3.82
2.96
3.71
3.81
4.21
2.48
3.50
4.21
4.03
2.97
3.50
3.84
3.19
3.05
3.80
3.54
3.14
3.41
2.75
3.88
3.35
3.66
2.98
3.42
2.91
3.58
1.96
2.78
1.55
3.83
3.27
1.00
4.09
2.59
1.85
3.20
2.90
3.74
3.76
4.02
3.33
3.73
3.65
3.19
3.20
3.51
3.14
3.04
3.46
3.58
3.81
3.05
2.87
3.96
3.90
3.38
3.60
3.56
3.26
2.77
3.96
4.00
3.05
3.02
4.36
3.29
2.52
2.29
3.25
3.31
1.00
2.55
2.77
1.80
4.00
2.89
3.10
2.82
2.35
2.77
3.44
3.10
3.38
2.17
4.05
3.37
4.15
3.79
2.43
3.16
2.77
2.36
3.11
2.83
3.36
2.68
2.57
3.03
3.35
3.49
3.80
2.56
4.00
3.40
3.25
2.83
2.34
3.15
3.49
3.44
3.20
3.28
3.33
2.76
3.70
3.50
3.14
3.07
2.86
2.57
1.81
3.29
2.47
1.32
3.16
2.08
3.14
2.20
3.81
2.61
3.08
2.32
3.50
3.33
3.31
3.67
2.50
3.58
3.05
2.71
2.56
3.65
3.71
3.42
3.33
2.47
2.43
2.63
2.09
2.47
3.64
2.00
3.23
3.64
2.67
3.88
3.67
3.49
4.14
1.67
2.82
3.10
3.54
3.29
3.04
4.07
3.82
3.32
2.50
2.68
2.70
2.83
3.27
2.75
3.48
3.00
1.87
1.50
3.25
2.26
3.60
3.83
3.00
3.28
3.44
3.43
3.30
3.96
3.73
3.40
2.87
3.14
3.00
3.74
2.85
3.17
2.78
3.77
3.21
3.05
3.42
3.08
3.36
2.52
2.62
2.49
2.86
3.78
1.74
3.47
3.41
2.71
1.64
2.87
2.72
2.12
2.93
2.75
2.66
2.34
3.59
2.75
4.05
3.35
3.33
2.90
3.28
3.62
3.09
4.22
3.43
3.34
3.28
2.40
2.21
2.72
3.91
2.52
3.08
3.02
2.00
3.59
2.45
3.66
3.80
2.40
3.78
2.54
3.87
3.05
3.88
2.63
3.44
2.82
2.88
3.47
3.85
3.34
2.88
3.25
3.71
3.31
2.43
3.21
3.50
3.17
2.86
3.57
3.19
2.65
3.84
4.20
2.69
2.60
2.78
2.54
3.46
3.50
3.18
3.57
3.77
4.00
3.09
3.13
2.76
3.83
1.96
3.79
2.18
3.86
3.76
3.72
3.50
3.16
3.08
3.50
3.15
2.96
2.55
3.72
3.73
3.69
3.57
3.50
3.42
2.55
2.94
4.18
1.88
2.00
3.25
3.04
2.00
3.00
2.98
2.57
4.04
1.29
3.58
3.44
3.00
3.74
2.77
3.23
3.32
3.69
3.73
1.88
3.74
3.11
3.83
3.20
1.36
4.00
3.91
2.68
2.76
3.49
3.82
3.40
2.19
2.66
3.20
3.39
3.53
2.55
3.65
3.98
1.87
2.74
3.00
3.00
3.14
3.47
2.64
2.43
2.50
3.49
2.66
4.12
2.50
2.93
3.95
3.39
3.50
3.96
2.96
3.17
2.38
3.43
4.50
2.40
4.01
2.57
3.41
3.04
3.03
3.45
2.89
3.41
3.81
3.56
3.69
3.48
3.36
2.00
2.96
3.00
2.00
3.19
2.05
3.37
2.67
1.55
4.00
3.00
5.00
2.58
4.00
3.00
3.94
3.29
3.31
2.69
2.26
3.38
2.95
4.00
3.00
3.86
3.75
3.25
3.05
2.57
2.85
4.00
2.00
2.00
3.02
2.40
3.06
3.08
3.27
3.53
3.77
3.33
2.05
2.22
2.73
3.56
3.09
2.42
2.00
2.31
3.51
4.00
3.20
3.76
3.37
3.40
3.17
2.50
2.00
3.91
3.42
2.78
2.32
3.44
3.35
3.69
2.75
2.48
2.99
3.88
2.43
1.89
3.37
3.76
2.91
3.24
3.11
3.50
3.64
3.20
4.16
4.00
3.10
3.33
3.49
1.50
3.22
3.74
3.00
3.49
3.76
2.93
3.80
3.83
3.81
4.00
3.51
3.19
3.14
3.17
2.81
3.79
3.42
3.90
2.63
3.89
3.19
4.19
3.38
3.79
3.00
4.03
3.28
3.38
4.01
4.03
3.88
3.73
3.91
4.12
3.89
3.81
4.03
3.28
4.10
4.27
3.98
4.06
3.86
4.23
4.13
3.69
4.11
4.10
3.94
3.80
3.99
3.80
3.61
3.65
3.98
4.05
3.88
4.05
3.81
3.68
3.65
3.64
3.88
2.32
2.64
2.24
2.00
2.18
3.04
2.43
1.98
2.18
2.08
2.18
2.15
1.84
3.71
2.75
2.10
2.41
2.13
2.33
2.10
1.47
1.69
2.70
2.11
1.90
3.68
2.42
1.83
3.96
1.77
2.75
3.89
3.55
3.25
3.27
2.51
3.50
3.56
2.68
2.53
3.52
4.08
3.34
3.24
3.45
3.18
3.45
2.66
2.99
3.74
4.56
3.97
3.36
3.53
3.34
3.32
3.34
2.69
2.45
4.34
3.67
3.03
2.92
3.17
2.77
3.11
2.22
3.54
2.90
1.00
2.95
2.67
2.63
3.27
2.54
3.45
3.47
3.18
3.50
3.32
2.54
2.55
2.87
2.26
2.93
2.83
3.50
3.34
3.61
3.28
2.99
3.57
3.20
2.50
4.07
3.60
4.15
4.07
3.88
3.79
3.91
3.93
2.91
3.67
3.52
3.74
3.76
3.49
3.82
3.57
3.80
3.76
2.89
3.61
3.13
3.60
3.55
3.66
2.59
3.20
3.47
2.85
2.44
2.85
3.11
2.97
3.71
3.49
3.14
3.60
3.43
3.53
3.39
3.08
3.34
3.36
3.30
2.69
3.71
3.74
3.26
3.23
3.49
2.15
3.69
3.68
3.33
3.72
3.70
2.27
2.94
2.73
2.45
2.87
3.17
3.71
2.75
3.50
3.32
3.75
3.83
3.73
4.07
3.28
3.42
3.20
3.15
3.82
3.84
3.85
3.65
3.43
2.83
3.27
3.71
3.37
3.11
2.55
2.89
2.25
3.73
3.17
2.12
2.00
2.79
3.31
3.78
3.25
2.60
3.48
3.82
3.61
2.41
2.61
2.05
3.38
3.52
3.48
3.08
2.68
2.55
3.69
3.25
3.56
3.57
3.83
3.90
3.22
3.66
3.15
3.33
3.57
3.58
3.93
3.60
3.59
4.30
3.58
2.76
3.71
2.85
2.80
3.29
3.50
4.01
3.01
2.44
4.18
4.00
2.50
3.40
3.94
4.27
3.82
3.52
4.01
2.88
4.19
3.30
3.70
3.53
3.84
1.00
3.00
3.50
1.00
2.00
3.40
3.09
3.33
3.00
3.52
3.61
3.47
1.60
1.88
2.00
3.61
3.59
3.83
3.74
3.51
2.78
2.50
3.75
1.86
3.41
2.71
3.09
4.02
3.19
3.15
3.50
3.02
2.56
2.00
2.61
2.38
2.94
3.00
2.72
2.80
3.33
3.16
3.10
2.59
2.00
2.87
2.95
3.93
2.74
3.29
3.46
3.57
3.37
3.71
2.00
3.53
2.72
3.43
3.45
3.52
2.92
3.79
3.89
2.51
3.44
3.79
3.96
3.28
3.59
2.50
3.24
3.48
3.81
2.38
3.11
1.87
3.75
4.14
3.59
3.78
3.92
3.57
3.48
2.49
2.63
2.00
4.50
3.80
3.42
3.83
4.01
3.13
2.37
2.98
2.62
3.90
3.11
3.70
2.93
3.94
4.33
3.13
3.00
2.85
2.85
4.23
4.16
3.22
3.25
3.81
3.12
2.93
4.03
3.21
2.20
2.93
3.25
3.27
3.73
2.00
3.42
3.37
3.31
3.74
3.55
3.61
2.79
4.21
3.87
3.69
2.78
3.85
2.90
4.28
4.00
3.88
4.31
3.24
2.85
3.32
2.78
2.77
3.66
2.76
1.69
2.95
3.51
3.59
2.97
2.48
2.93
2.89
3.27
2.95
3.00
2.39
2.03
1.91
1.77
1.66
3.29
2.58
1.97
2.77
3.47
2.65
3.69
3.75
2.23
3.35
3.57
3.84
4.13
3.30
3.96
2.67
2.86
3.77
2.83
3.57
2.34
3.16
3.69
3.54
2.53
3.18
2.88
2.65
2.10
3.25
3.39
2.80
3.15
2.95
3.07
3.20
3.42
2.68
2.12
3.59
3.38
3.62
2.96
3.40
2.78
2.83
3.11
3.14
3.14
3.36
3.63
3.08
3.59
3.65
4.00
3.61
3.36
3.04
3.83
3.60
4.00
2.80
2.54
3.06
2.35
1.53
2.10
2.65
1.68
3.25
3.36
3.44
2.31
3.38
2.48
3.22
2.35
2.10
1.83
3.46
2.62
2.02
3.46
3.90
2.77
3.28
3.43
2.63
2.98
2.41
3.46
3.30
3.35
2.29
3.12
2.27
4.50
3.60
3.33
2.92
2.00
3.05
1.78
2.43
3.86
3.51
2.74
2.86
4.14
4.00
3.60
3.36
2.84
2.33
3.54
2.60
4.14
3.82
4.67
2.88
2.86
3.34
2.98
2.78
3.67
3.87
3.95
2.96
2.06
1.79
1.84
3.06
3.47
3.23
3.15
2.63
2.35
2.31
3.02
2.24
2.37
3.42
3.47
3.71
2.95
2.83
2.84
3.04
2.53
2.85
1.89
1.94
3.60
3.39
3.03
3.22
3.90
3.50
2.78
2.83
2.94
2.23
2.23
3.50
3.29
2.22
3.36
3.18
1.70
3.00
3.40
2.74
2.59
3.11
3.04
3.78
3.00
3.95
2.42
3.20
2.11
3.78
3.60
4.32
3.42
3.42
2.67
4.00
2.00
3.29
3.50
3.79
3.85
3.17
3.11
3.61
3.00
3.85
2.96
2.96
2.73
3.04
2.00
3.00
3.71
3.95
3.62
2.61
3.02
3.93
3.26
2.83
3.17
2.72
4.09
2.60
4.22
3.88
3.91
4.09
3.10
1.93
3.01
2.68
3.32
3.89
3.00
3.69
3.65
3.35
2.75
4.09
3.08
3.57
3.43
3.41
2.75
3.51
2.00
3.27
3.54
3.25
3.03
2.46
2.67
2.83
3.20
3.54
3.16
2.34
1.89
3.83
3.34
2.87
3.19
3.98
3.32
2.76
3.15
2.92
2.76
3.76
1.77
2.77
3.29
3.09
3.17
3.90
3.36
3.86
3.08
3.91
3.42
3.21
2.62
2.53
3.74
4.00
3.66
3.19
3.86
2.69
3.40
3.14
4.06
3.12
2.60
3.60
4.06
3.39
3.00
3.96
3.67
3.14
3.39
3.70
2.95
4.22
3.86
3.14
2.18
3.69
3.73
3.00
3.76
2.16
3.07
3.00
3.07
2.71
3.71
3.50
3.83
3.18
3.03
3.56
3.20
2.50
3.25
2.23
3.91
2.91
3.13
2.38
2.17
3.76
2.87
3.01
3.12
3.75
4.17
3.47
4.02
3.87
3.55
4.32
3.98
2.44
3.36
2.90
3.44
2.91
3.46
3.86
2.65
3.02
2.00
3.38
3.68
3.90
3.33
3.31
2.05
3.22
3.70
2.81
2.96
3.49
1.83
2.68
3.22
3.82
2.84
3.35
3.43
4.05
4.41
3.64
3.60
2.71
3.52
3.08
3.23
3.22
3.26
2.89
3.03
2.93
3.51
3.29
3.77
2.00
2.55
3.62
3.18
3.17
3.50
2.60
3.21
3.04
2.42
2.90
4.14
2.99
2.66
3.97
2.98
2.75
2.92
3.84
2.95
3.86
1.93
1.56
3.05
3.52
3.09
3.27
4.24
2.87
2.63
1.76
2.51
2.55
3.93
4.00
3.24
3.66
2.62
2.59
1.86
1.64
1.60
4.04
3.57
2.67
3.05
2.50
3.93
2.75
3.16
2.44
2.11
2.96
3.55
3.25
3.67
3.56
2.54
3.29
3.38
4.30
2.90
3.63
3.45
3.87
3.18
1.00
3.37
3.91
3.95
2.80
2.71
2.44
3.74
2.89
2.36
2.30
2.78
3.70
4.32
4.23
3.26
3.15
2.58
3.89
2.82
3.05
3.69
3.43
2.30
2.67
3.59
3.94
3.81
2.68
3.52
3.26
2.65
3.01
2.26
3.46
3.46
3.20
2.80
3.55
2.57
3.36
2.24
2.25
2.78
3.44
3.81
3.49
2.50
2.88
2.62
3.00
3.32
3.25
2.75
3.55
2.68
3.20
2.42
2.05
3.76
4.61
2.33
2.45
4.01
4.00
3.29
3.68
3.29
2.18
3.64
3.68
4.03
4.12
3.90
4.19
3.88
3.75
3.41
3.91
4.23
3.35
4.08
3.34
3.47
4.40
4.30
3.96
3.44
2.40
4.19
4.09
4.29
3.74
3.50
4.01
3.61
3.10
3.78
4.00
2.68
3.77
3.97
3.89
3.87
2.33
3.99
3.75
2.39
2.00
3.13
4.08
2.75
2.82
3.40
3.71
3.33
2.03
4.06
3.75
3.69
3.91
3.96
3.82
4.02
4.05
1.84
3.04
3.07
2.91
2.84
2.19
3.73
2.11
3.99
3.44
3.45
2.38
3.68
3.64
3.50
3.20
3.59
2.48
3.71
3.50
2.31
3.43
4.13
3.54
4.00
4.15
1.67
3.91
3.25
2.48
3.38
4.06
4.01
3.73
3.60
3.61
3.40
2.89
2.92
3.38
3.16
2.53
3.48
3.92
3.45
2.86
4.37
2.35
3.29
1.50
1.14
3.76
3.27
4.40
2.15
3.54
3.28
3.74
4.15
3.23
4.04
4.20
3.83
3.31
1.70
1.55
1.73
3.86
3.09
3.49
3.56
2.35
3.24
3.12
2.95
3.71
3.02
1.98
3.39
3.67
4.00
2.17
3.83
3.88
3.97
2.72
2.50
4.00
3.70
3.89
3.87
3.82
3.39
3.76
3.79
3.24
3.79
3.99
3.71
4.23
3.65
3.88
3.52
3.38
4.09
3.50
2.50
3.58
3.48
4.09
4.36
4.14
4.28
4.00
3.70
3.85
4.13
3.96
4.04
3.83
3.24
3.76
3.67
3.64
3.06
3.86
3.78
3.24
3.44
3.63
3.22
3.39
3.70
3.37
2.63
4.22
3.16
2.73
3.30
3.53
1.67
3.02
3.56
3.38
1.00
3.32
3.52
4.00
3.23
3.45
3.70
2.37
3.50
3.63
3.71
4.34
3.95
3.00
3.81
3.20
3.18
3.44
3.05
3.38
3.70
3.27
3.36
2.76
4.15
3.95
2.44
3.68
2.00
3.97
3.62
3.50
3.41
2.91
3.15
3.64
3.81
3.89
3.47
2.48
3.70
4.00
2.62
1.17
3.63
3.77
3.51
3.92
5.00
3.13
3.49
3.77
3.50
2.60
3.85
3.41
2.20
3.71
3.96
3.62
3.00
3.41
3.48
3.00
3.70
3.64
2.15
4.08
3.30
4.23
3.30
4.07
3.35
3.85
3.95
1.00
3.68
3.66
2.25
3.25
3.20
2.76
1.00
3.84
3.52
2.50
3.56
3.33
3.18
3.33
3.35
3.19
3.26
2.00
3.41
4.17
3.41
4.05
2.69
1.00
4.00
3.67
4.00
5.00
3.00
3.50
1.00
2.13
2.38
3.27
3.67
3.67
2.50
3.70
4.80
3.90
3.17
2.54
3.14
3.40
3.38
3.71
3.60
2.88
3.68
3.75
2.86
2.75
3.37
3.73
3.48
2.97
3.19
3.09
4.14
3.66
3.69
1.78
3.20
3.29
3.85
3.20
2.73
3.11
3.62
2.65
4.00
5.00
4.04
3.70
3.47
3.73
2.70
2.21
2.73
3.00
3.77
3.00
2.00
3.83
3.40
2.50
3.50
3.79
2.00
3.46
2.30
3.30
3.38
3.34
3.50
3.57
4.00
3.96
4.39
3.20
3.67
3.79
3.79
1.00
2.25
3.25
2.00
2.77
3.95
3.48
3.11
3.51
2.00
2.75
3.00
2.76
2.33
2.86
3.53
3.84
3.81
3.76
2.31
3.50
4.08
2.67
3.00
3.50
4.44
3.74
2.80
4.04
3.86
2.38
2.60
3.13
2.80
3.98
3.40
3.97
3.27
2.67
4.00
2.60
2.88
3.77
3.68
4.08
3.92
3.84
3.97
4.03
3.93
4.09
3.81
3.37
3.65
3.43
3.71
3.55
2.67
2.60
3.34
1.00
3.50
3.25
3.95
3.00
3.50
5.00
3.80
2.55
3.76
2.72
2.72
2.71
1.67
2.28
1.94
2.14
2.67
2.84
3.86
3.74
3.50
3.13
2.52
2.11
3.35
2.78
3.45
3.88
3.75
1.67
3.86
3.27
4.33
3.37
3.50
3.26
3.83
3.94
3.59
3.68
3.15
3.71
4.05
3.40
2.92
3.88
3.29
3.20
3.34
2.95
4.34
3.34
2.67
2.26
2.15
2.26
4.42
2.79
2.00
2.68
2.13
1.92
3.28
2.31
3.80
3.23
3.19
3.41
3.72
3.73
2.97
3.42
3.92
3.14
2.48
2.70
3.94
2.99
3.00
2.77
1.00
3.67
4.24
1.80
2.45
2.78
3.55
4.02
4.24
4.28
4.33
4.01
1.75
3.42
3.19
3.96
3.58
3.04
3.33
3.67
3.63
3.93
3.00
3.01
2.73
1.50
3.10
3.72
2.00
3.02
2.65
2.94
3.57
1.00
3.74
3.75
3.22
3.05
4.01
3.83
2.71
3.55
3.51
3.45
4.02
3.87
3.37
4.03
4.04
2.85
3.76
2.59
3.68
3.35
3.16
3.19
3.77
4.50
2.87
3.35
2.56
3.88
4.00
3.12
3.43
3.14
3.77
3.65
3.16
3.47
4.00
3.04
3.76
3.29
3.07
3.22
3.75
3.32
3.66
3.85
2.75
3.00
3.92
2.92
3.90
3.72
3.79
3.84
3.79
3.43
3.93
3.85
2.77
3.45
3.54
3.63
2.90
3.67
3.04
1.92
1.80
3.27
3.37
3.40
3.27
3.35
3.90
3.38
1.73
1.46
1.06
3.33
3.68
2.65
4.11
2.49
3.07
2.79
2.77
3.84
3.39
3.00
3.33
2.86
3.41
2.50
1.61
3.30
3.00
2.53
2.73
3.46
3.63
2.83
4.00
2.98
3.33
3.70
3.10
3.94
5.00
3.41
4.00
2.53
3.07
3.63
3.76
3.22
3.22
2.46
3.27
3.37
3.26
3.00
1.67
3.83
3.20
3.65
3.81
2.47
3.48
3.42
4.19
2.67
3.60
3.46
4.25
3.61
2.78
3.95
3.19
3.63
3.42
2.75
3.08
3.44
3.35
3.61
2.44
4.00
2.67
3.17
1.00
3.00
3.79
3.96
3.78
5.00
3.67
3.65
3.21
2.86
2.21
2.10
1.86
1.69
1.73
1.67
1.91
3.92
2.38
3.67
4.05
2.97
2.32
2.60
3.83
3.47
3.89
3.76
4.27
3.94
3.92
3.69
4.22
3.37
3.59
3.25
2.00
2.73
2.04
2.04
2.57
2.29
2.70
1.85
1.81
2.55
2.87
3.20
3.46
3.59
3.22
3.66
3.67
3.17
2.58
3.40
3.08
2.98
2.39
2.25
3.21
3.23
3.74
3.14
2.45
2.37
2.97
3.31
3.02
3.67
2.58
2.00
3.73
3.72
3.07
3.57
3.71
3.96
3.41
4.25
3.40
2.99
3.84
3.49
3.98
3.79
4.00
3.45
3.98
3.41
4.08
3.97
2.60
3.24
3.38
3.86
3.75
3.00
3.14
3.88
3.00
3.75
2.50
3.35
3.50
2.82
2.76
3.26
3.48
2.96
1.33
3.57
2.64
2.85
2.54
2.09
2.16
3.38
3.47
3.40
1.67
2.82
1.97
3.25
3.33
2.18
2.83
3.00
3.10
2.59
2.73
4.03
3.24
3.01
3.25
3.86
3.81
4.20
3.37
3.07
3.56
3.82
3.28
3.41
3.38
2.21
3.33
1.62
2.33
4.23
2.42
3.56
2.53
2.79
3.26
3.27
4.02
3.40
3.13
4.10
3.56
3.29
4.02
3.76
3.19
2.43
4.02
1.81
2.64
3.76
3.59
2.13
2.76
2.54
3.38
2.50
2.88
3.72
3.29
2.54
2.82
2.71
3.91
2.89
2.62
2.64
2.54
2.75
3.00
2.63
3.59
3.39
3.14
2.96
3.10
4.05
2.92
3.95
3.70
3.54
3.65
3.67
2.67
3.16
3.88
3.19
3.10
3.10
3.26
2.69
3.23
3.17
3.33
3.68
3.09
3.86
3.84
3.83
3.67
3.00
2.80
2.00
2.02
2.83
2.78
3.50
5.00
3.27
2.73
2.38
3.12
3.00
3.00
4.50
2.41
3.00
1.71
2.70
3.50
3.19
2.34
3.32
4.23
2.73
1.67
2.79
2.65
3.12
3.50
1.00
3.88
3.16
2.18
2.68
3.82
4.07
2.30
2.91
3.33
3.51
3.92
3.11
2.80
2.23
3.71
2.64
2.59
2.58
2.92
3.85
3.36
3.58
3.44
3.99
3.26
2.04
3.75
2.25
3.04
3.00
3.72
2.94
1.93
1.96
1.73
2.05
1.79
3.05
2.11
1.49
2.26
3.47
3.64
4.12
3.67
3.90
3.78